100
2 3 2
1 1 1
2 1 2
3 2 3
1 20 1
43 9 43
100 1 100
47 5 47
53 8 53
63 1 63
1 30 1
60 8 60
12 6 12
31 12 31
3 29 3
100 3 100
48 1 48
5 20 5
1 3 1
20 13 20
39 11 39
3 7 3
39 4 39
4 2 4
90 6 90
100 4 100
71 4 71
21 6 21
3 4 3
9 17 9
23 5 23
45 1 45
62 4 62
36 9 36
3 1 3
12 13 12
5 22 5
39 1 39
2 4 2
66 7 66
3 37 3
11 3 11
43 7 43
10 5 10
79 9 79
13 15 13
54 7 54
82 7 82
1 4 1
4 1 4
97 3 97
27 9 27
10 18 10
21 13 21
62 6 62
1 100 1
10 13 10
7 4 7
24 13 24
7 11 7
2 2 2
19 6 19
100 2 100
61 6 61
40 2 40
87 9 87
14 7 14
55 9 55
21 1 21
42 8 42
20 7 20
93 5 93
2 46 2
4 3 4
42 4 42
17 6 17
17 8 17
4 29 4
80 8 80
40 7 40
4 9 4
13 7 13
88 1 88
100 9 100
2 50 2
4 4 4
1 2 1
68 2 68
45 5 45
2 59 2
8 17 8
44 6 44
2 8 2
31 11 31
3 3 3
1 62 1
11 2 11
5 3 5
64 7 64
80 5 80
