50
3
1 2 3
2 3 5
3 5 6
2 3 4
1 2 3
4
62 69 79 95
18 41 62 84
59 82 95 135
37 55 79 122
18 23 37 59
84 100 122 135
23 54 69 100
7
8 9 10 11 12 13 14
15 16 17 18 19 20 21
22 23 24 25 26 27 28
6 13 20 27 34 41 48
4 11 18 25 32 39 46
2 9 16 23 30 37 44
1 2 3 4 5 6 7
5 12 19 26 33 40 47
36 37 38 39 40 41 42
1 8 15 22 29 36 43
3 10 17 24 31 38 45
43 44 45 46 47 48 49
7 14 21 28 35 42 49
7
23 25 27 29 30 33 34
22 24 26 28 31 32 34
1 2 3 4 5 6 22
5 10 14 17 19 20 30
6 11 15 18 20 21 33
2 7 8 9 10 11 25
2 7 8 9 10 11 24
6 11 15 18 20 21 32
4 9 13 16 17 18 28
3 8 12 13 14 15 27
1 2 3 4 5 6 23
5 10 14 17 19 20 31
4 9 13 16 17 18 29
3
1 2 3
3 4 5
2 3 4
3 4 5
2 3 4
2
2 6
4 8
2 4
7
7 10 11 15 16 19 21
4 5 6 10 12 14 16
6 8 10 12 13 15 17
7 10 12 13 14 16 18
3 4 5 6 8 10 11
8 11 13 17 18 21 22
9 12 16 18 19 21 22
6 8 9 13 14 17 19
1 3 4 6 7 8 9
1 3 4 5 6 7 8
3 4 5 8 10 11 12
8 11 14 16 17 19 21
5 6 7 12 13 16 18
10
10 14 16 17 22 23 27 30 33 36
4 6 9 12 14 15 18 22 23 24
19 22 25 28 30 31 34 35 39 42
7 11 12 16 17 22 25 28 29 31
8 12 14 16 19 21 24 26 29 31
2 4 5 7 10 11 14 16 19 20
21 23 26 29 33 35 36 39 40 43
19 21 25 29 33 36 37 39 40 43
7 9 10 12 14 18 20 23 25 27
5 9 10 14 16 19 20 25 26 29
23 24 29 31 34 36 37 40 43 46
14 17 20 24 27 29 32 34 36 37
4 6 9 11 12 15 17 18 21 22
2 4 7 8 10 13 16 19 21 23
11 15 18 21 23 27 29 31 35 36
10 12 14 19 22 24 26 30 33 34
16 18 23 26 30 33 34 35 39 40
20 22 27 31 36 37 40 42 43 46
13 15 19 22 24 27 29 33 36 37
2
6 11
7 11
3 7
6
5 7 8 9 10 13
5 6 8 9 13 15
4 5 7 8 11 12
7 9 11 13 14 16
1 2 3 5 7 8
8 10 12 13 16 17
8 10 12 15 16 17
2 4 5 7 9 10
3 5 7 8 9 12
6 7 9 10 14 16
2 4 5 6 7 10
7
5 7 9 10 12 14 16
2 4 5 6 8 9 10
10 11 16 18 20 21 22
9 10 12 13 16 18 20
9 10 15 17 18 19 21
4 5 7 9 10 12 14
4 5 7 8 9 10 11
11 14 16 18 19 21 22
7 9 10 12 14 17 18
8 9 13 14 16 17 19
6 7 9 11 13 15 16
2 4 6 7 9 10 11
10 12 14 15 17 19 21
10
11 12 13 14 15 16 17 18 19 20
61 62 63 64 65 66 67 68 69 70
41 42 43 44 45 46 47 48 49 50
51 52 53 54 55 56 57 58 59 60
31 32 33 34 35 36 37 38 39 40
81 82 83 84 85 86 87 88 89 90
1 11 21 31 41 51 61 71 81 91
10 20 30 40 50 60 70 80 90 100
1 2 3 4 5 6 7 8 9 10
2 12 22 32 42 52 62 72 82 92
3 13 23 33 43 53 63 73 83 93
5 15 25 35 45 55 65 75 85 95
91 92 93 94 95 96 97 98 99 100
21 22 23 24 25 26 27 28 29 30
8 18 28 38 48 58 68 78 88 98
7 17 27 37 47 57 67 77 87 97
4 14 24 34 44 54 64 74 84 94
71 72 73 74 75 76 77 78 79 80
6 16 26 36 46 56 66 76 86 96
2
4 5
2 3
3 5
10
4 6 7 8 10 12 14 15 18 19
1 2 4 6 8 10 12 13 15 16
2 4 5 6 9 11 13 14 16 18
13 14 16 18 20 23 24 26 27 28
6 8 10 12 14 15 17 18 20 21
1 2 3 5 7 9 11 12 14 15
8 10 12 14 16 18 20 22 23 25
9 11 12 15 18 20 22 23 24 25
15 18 19 21 25 26 27 28 30 32
3 5 7 10 12 13 15 16 17 18
14 16 18 20 23 24 26 27 29 31
11 13 14 17 20 22 23 24 25 27
7 9 10 14 16 17 18 20 22 24
5 6 8 12 14 15 17 18 19 21
12 13 15 17 18 22 23 24 26 27
12 14 15 18 22 23 24 26 27 29
2 4 6 8 10 11 13 14 16 17
10 11 13 15 17 20 22 23 24 26
16 17 18 21 24 25 27 29 31 32
6
9 12 15 16 17 19
7 9 10 11 14 16
2 3 5 6 8 9
4 6 7 9 11 12
3 6 8 9 10 12
2 4 6 7 9 10
10 12 14 16 18 19
6 9 10 11 14 16
6 8 9 10 13 15
9 10 12 14 16 17
8 11 13 14 16 18
2
3 5
5 7
4 7
2
22 222
2 22
22 222
3
2 3 4
3 4 5
2 3 4
1 2 3
1 2 3
2
4 8
6 8
2 4
4
13 14 15 16
2 6 10 14
4 8 12 16
1 5 9 13
5 6 7 8
9 10 11 12
3 7 11 15
10
4 7 8 9 10 14 15 17 18 21
29 33 38 42 46 47 49 50 56 60
9 15 20 21 25 29 30 33 35 39
6 11 15 17 19 22 24 26 29 33
25 29 35 38 41 42 46 48 52 53
23 28 31 35 37 38 41 43 47 51
10 19 21 25 27 30 34 37 41 46
7 11 14 15 18 22 25 28 29 33
20 25 26 31 34 35 38 40 41 49
13 18 22 23 27 31 32 35 37 43
15 24 25 30 32 36 38 41 46 49
9 17 20 21 23 27 31 35 38 42
18 29 31 35 37 38 41 47 52 56
21 33 36 39 43 47 49 51 53 60
14 22 24 29 31 33 35 38 42 47
4 6 8 9 13 17 20 23 25 29
17 26 29 33 35 37 40 43 48 50
8 14 17 20 21 24 25 29 31 36
8 15 17 20 22 23 26 31 35 38
2
5 6
3 5
5 6
5
8 10 13 14 16
1 5 8 10 14
8 11 13 17 20
12 14 16 22 28
10 13 17 18 22
14 18 20 24 28
1 5 8 9 12
5 7 10 13 18
5 7 11 12 14
10
3 4 5 6 7 8 9 10 11 12
5 6 7 8 9 10 11 12 13 14
2 3 4 5 6 7 8 9 10 11
1 2 3 4 5 6 7 8 9 10
2 3 4 5 6 7 8 9 10 11
9 10 11 12 13 14 15 16 17 18
6 7 8 9 10 11 12 13 14 15
9 10 11 12 13 14 15 16 17 18
6 7 8 9 10 11 12 13 14 15
3 4 5 6 7 8 9 10 11 12
10 11 12 13 14 15 16 17 18 19
8 9 10 11 12 13 14 15 16 17
7 8 9 10 11 12 13 14 15 16
8 9 10 11 12 13 14 15 16 17
5 6 7 8 9 10 11 12 13 14
4 5 6 7 8 9 10 11 12 13
1 2 3 4 5 6 7 8 9 10
10 11 12 13 14 15 16 17 18 19
7 8 9 10 11 12 13 14 15 16
6
4 5 8 10 11 12
1 3 5 6 8 10
5 6 8 9 11 13
8 10 11 12 15 17
6 7 9 11 12 13
10 11 12 13 17 19
7 8 11 13 15 17
3 4 6 7 10 11
3 4 5 7 8 9
6 7 10 11 13 14
1 3 4 6 7 8
10
28 30 32 35 37 40 44 48 51 54
19 26 27 30 35 39 42 44 51 57
5 6 8 14 17 21 25 30 32 37
15 23 25 29 32 34 38 40 48 53
3 5 7 10 14 19 24 28 30 35
5 7 8 11 14 17 22 25 27 34
9 10 14 17 19 20 26 29 30 38
1 2 5 9 13 17 20 24 28 31
9 10 11 17 18 23 28 32 35 40
22 30 34 38 39 41 44 46 54 59
17 19 21 23 25 28 31 34 39 41
31 35 37 40 41 45 49 53 57 59
14 20 22 26 27 31 32 38 44 49
13 14 17 18 22 23 27 32 35 39
20 24 25 28 29 30 32 38 42 44
1 3 5 9 11 12 14 15 19 22
2 5 6 10 13 16 20 23 26 30
12 16 17 20 23 28 30 36 40 45
24 28 30 32 35 36 38 40 44 46
6
5 6 8 12 15 19
6 8 13 17 19 25
11 14 17 18 22 24
9 11 13 14 19 20
2 6 11 14 17 23
1 5 9 11 15 19
1 2 6 9 10 11
15 17 19 21 25 27
10 15 19 22 25 29
19 23 25 28 29 33
11 19 20 24 27 33
2
2 22
2 22
22 222
10
2 4 5 7 8 11 12 14 15 18
20 23 26 29 34 35 39 42 45 47
14 20 24 27 29 30 35 38 39 42
11 17 20 22 24 26 30 33 34 35
4 7 8 12 14 15 18 19 22 23
7 12 15 16 18 21 25 27 28 29
18 23 30 31 34 36 38 41 42 47
5 7 10 12 14 17 18 20 21 23
12 18 22 23 27 29 32 35 38 39
16 19 23 27 29 33 35 38 40 41
9 12 15 16 19 22 23 27 29 31
8 14 17 19 21 22 28 29 32 34
15 21 27 29 31 32 36 40 41 45
10 14 16 18 21 24 27 29 31 34
14 18 22 25 28 30 32 35 36 38
2 5 6 9 10 12 14 16 19 20
5 10 12 15 16 19 22 23 24 26
12 15 19 21 22 26 29 30 32 36
19 22 24 28 32 34 38 39 41 42
10
7 10 11 14 16 18 19 20 22 24
8 11 14 16 17 18 20 22 24 26
9 12 14 15 17 20 22 23 25 26
6 8 9 11 14 15 17 18 19 21
6 8 9 12 14 15 16 17 19 21
7 10 12 14 15 17 19 20 22 24
4 5 8 10 11 13 14 16 17 18
2 4 6 7 8 10 11 13 14 16
13 16 17 20 23 25 27 29 30 31
2 4 6 7 9 10 12 14 15 17
12 16 17 19 20 23 25 27 29 31
10 14 15 17 18 21 23 25 26 27
16 18 21 24 26 27 31 32 35 36
11 14 16 19 22 23 25 26 28 29
17 20 21 24 26 28 29 31 34 36
14 17 18 20 22 25 26 29 31 32
14 17 19 22 25 26 29 31 33 34
4 5 8 10 12 14 16 17 18 20
10 13 15 18 20 21 23 25 26 28
7
11 13 16 17 23 24 26
4 6 8 12 13 16 20
6 8 9 16 18 19 22
10 12 16 17 19 22 26
18 20 24 26 30 35 38
11 13 19 23 25 29 32
2 4 7 11 12 16 17
17 18 22 26 32 34 38
12 16 18 19 25 26 30
7 8 9 16 19 20 24
2 3 6 10 11 14 18
14 16 20 24 26 32 34
3 6 8 13 16 17 18
2
6 8
2 6
2 4
3
1 2 3
2 3 4
3 4 5
1 2 3
3 4 5
7
9 14 15 20 25 31 35
19 27 31 33 34 39 44
14 20 24 28 33 34 41
10 11 15 19 24 25 31
3 8 10 15 17 19 21
15 17 20 23 28 30 35
6 9 11 17 22 27 28
21 28 35 38 41 45 47
3 6 9 13 14 18 20
17 22 25 26 33 34 37
8 9 14 16 20 23 28
18 23 25 30 34 39 45
13 16 19 23 26 33 38
4
5 6 7 11
2 5 7 10
9 11 12 13
7 9 10 12
2 4 6 9
10 11 12 13
6 7 10 12
10
10 34 54 65 74 82 92 100 120 136
90 115 120 158 189 212 236 258 270 291
98 124 136 168 192 227 259 283 308 332
28 32 54 58 83 94 115 139 147 171
2 22 28 46 51 64 69 74 90 98
22 28 34 44 55 72 107 128 129 136
64 79 82 114 145 161 163 179 198 218
123 136 171 178 212 218 220 243 291 332
74 84 100 135 175 197 201 218 229 243
4 28 32 63 68 79 80 84 115 124
2 4 10 21 45 64 83 105 119 123
46 63 65 88 102 110 125 158 160 178
83 107 115 125 131 163 192 201 236 259
21 44 58 88 99 114 125 135 158 168
69 80 92 125 150 177 192 199 214 220
119 129 147 160 193 198 214 229 270 308
105 128 139 158 173 179 199 218 258 283
64 72 94 110 127 161 177 197 212 227
45 55 83 102 125 145 150 175 189 192
4
7 9 10 11
3 4 7 9
2 3 5 7
7 9 10 11
3 4 6 9
2 3 5 7
5 6 9 10
9
8 11 12 16 17 19 20 25 27
2 3 4 7 9 11 13 14 15
9 13 16 17 19 24 27 28 31
7 11 13 16 17 21 24 25 26
11 13 14 17 19 20 22 28 31
13 17 19 20 22 29 32 34 37
18 21 25 26 31 36 37 38 41
11 14 18 19 20 27 30 33 36
4 7 8 11 13 14 17 20 22
2 4 6 8 11 14 15 16 18
6 9 11 13 16 18 19 23 24
14 20 23 25 28 31 33 35 38
14 16 18 21 24 27 29 31 34
15 22 24 27 31 34 35 37 41
4 8 11 12 14 18 21 22 25
15 17 21 24 27 30 32 33 35
3 7 9 11 13 16 17 18 21
4
1 2 3 7
8 9 11 13
3 5 6 12
1 2 3 8
2 4 5 10
2 4 5 9
7 10 12 13
7
3 4 5 6 7 8 9
2 3 4 5 6 7 8
7 8 9 10 11 12 13
1 2 3 4 5 6 7
5 6 7 8 9 10 11
5 6 7 8 9 10 11
2 3 4 5 6 7 8
7 8 9 10 11 12 13
4 5 6 7 8 9 10
3 4 5 6 7 8 9
6 7 8 9 10 11 12
4 5 6 7 8 9 10
1 2 3 4 5 6 7
9
6 8 10 11 13 14 16 17 20
10 13 14 15 19 21 22 23 25
2 4 6 8 10 11 13 14 16
13 16 17 18 22 25 26 27 28
12 15 16 17 21 23 24 26 27
16 17 20 22 23 25 27 28 29
13 14 17 18 20 22 24 26 27
2 3 5 6 8 10 12 13 14
8 10 12 13 14 15 17 18 21
6 10 11 13 16 17 18 21 22
4 6 8 10 11 13 15 16 18
10 11 14 16 17 19 21 22 24
11 12 15 17 18 21 23 25 26
3 6 8 10 11 12 14 15 17
14 15 19 21 22 23 26 27 28
8 11 13 14 17 18 20 22 23
14 18 20 21 24 26 27 28 29
4
4 5 7 10
6 7 9 12
2 4 6 8
4 5 8 10
8 10 11 13
2 4 6 7
7 10 12 13
10
7 15 22 28 33 37 40 41 42 58
46 48 51 53 55 56 59 61 63 64
1 2 3 4 5 6 7 8 9 46
1 2 3 4 5 6 7 8 9 47
6 14 21 27 32 36 37 38 39 56
5 13 20 26 31 32 33 34 35 54
4 12 19 25 26 27 28 29 30 53
6 14 21 27 32 36 37 38 39 57
3 11 18 19 20 21 22 23 24 50
47 49 50 52 54 57 58 60 62 64
9 17 24 30 35 39 42 44 45 63
9 17 24 30 35 39 42 44 45 62
4 12 19 25 26 27 28 29 30 52
5 13 20 26 31 32 33 34 35 55
7 15 22 28 33 37 40 41 42 59
2 10 11 12 13 14 15 16 17 48
8 16 23 29 34 38 41 43 44 61
8 16 23 29 34 38 41 43 44 60
3 11 18 19 20 21 22 23 24 51
7
30 39 41 48 72 109 113
33 51 76 91 95 115 124
69 72 95 120 140 165 170
9 39 51 69 77 82 91
79 82 97 150 165 179 189
8 30 33 54 55 79 89
55 77 85 133 140 151 152
104 113 124 134 152 189 217
89 91 111 155 170 199 217
8 9 26 45 69 87 104
26 41 76 82 85 97 111
87 109 115 131 151 179 199
54 69 82 116 120 131 134
9
9 11 16 20 23 26 29 30 33
19 21 27 28 34 36 39 40 43
14 17 19 23 26 28 29 31 34
19 26 28 30 31 33 37 38 40
15 20 22 26 28 29 30 32 36
11 12 18 22 26 28 30 31 35
3 5 6 9 11 13 15 16 19
13 16 20 23 28 29 31 33 36
22 28 30 33 35 36 38 41 43
6 9 13 17 19 22 26 28 30
16 20 24 26 31 32 36 38 41
5 7 11 14 17 20 23 26 28
6 7 9 11 12 16 17 20 21
16 23 26 29 30 31 34 36 39
15 17 21 25 29 30 34 37 38
9 11 13 16 18 20 21 24 27
3 6 9 11 14 15 16 19 22
4
3 4 5 6
3 4 5 6
1 2 3 4
4 5 6 7
2 3 4 5
2 3 4 5
1 2 3 4
2
2 6
4 8
6 8
2
4 5
2 3
2 4
7
10 11 15 18 20 21 23
6 8 11 12 14 17 19
1 4 6 7 10 12 14
14 16 19 22 23 28 30
1 3 6 7 8 11 14
6 9 11 12 15 16 19
14 17 19 22 24 27 30
7 10 12 14 18 21 22
11 12 17 18 21 25 27
8 11 14 16 20 23 24
3 7 8 9 11 15 17
12 15 16 21 23 25 28
4 7 9 10 11 12 16
7
3 4 6 9 11 12 14
9 10 14 17 21 23 24
9 12 15 17 20 22 25
5 8 9 12 13 14 15
12 14 21 23 25 29 32
13 17 21 25 29 32 33
12 16 19 22 26 29 31
3 5 8 9 11 12 13
6 9 11 14 16 19 21
14 15 23 24 26 31 33
4 8 9 10 13 16 17
11 13 16 20 24 25 26
8 9 11 15 18 21 23
