100
4
2 3 4 1
4
3 3 4 1
4
3 3 4 3
10
7 8 10 10 9 2 9 6 3 3
10
2 3 1 10 3 5 6 7 8 9
3
2 1 1
3
2 1 2
3
2 3 1
3
2 3 2
3
3 1 1
3
3 1 2
5
2 4 1 1 4
9
9 9 1 2 3 2 1 5 1
9
9 6 5 2 1 2 6 2 3
7
7 1 4 3 6 5 2
10
9 8 7 6 1 2 8 10 8 6
7
6 6 6 6 6 4 6
9
7 9 4 5 4 2 8 9 3
6
5 1 6 5 1 3
4
2 1 1 2
8
7 5 4 8 1 8 2 6
10
4 1 5 1 4 3 3 4 2 1
7
2 3 2 3 1 3 1
10
10 5 6 1 2 8 2 3 4 9
10
3 9 6 10 7 10 2 1 10 2
10
5 10 7 8 4 2 9 1 3 6
9
9 7 1 7 4 2 4 3 8
6
3 5 6 1 2 4
9
4 8 6 2 7 2 9 1 1
8
8 7 4 3 1 5 2 6
6
4 6 6 5 6 4
10
5 1 10 2 3 3 10 10 5 5
6
3 1 5 2 6 4
10
4 3 6 10 7 3 1 2 6 4
7
5 6 6 1 4 3 2
7
3 4 6 1 7 2 5
6
6 1 4 3 3 2
7
2 4 5 7 6 7 6
10
7 7 8 7 6 4 10 7 7 4
10
10 6 7 8 8 4 9 4 1 3
8
7 7 4 6 8 3 8 7
6
4 1 5 1 4 1
9
6 7 6 1 3 4 9 2 8
6
3 5 5 5 4 1
9
7 7 8 1 2 9 2 6 5
10
6 6 2 10 7 5 2 9 7 8
10
9 6 10 8 7 2 5 4 1 3
10
3 5 6 5 2 10 2 1 2 8
10
4 5 2 9 2 1 2 9 10 6
7
6 7 5 7 1 3 3
4
3 4 1 2
10
5 3 6 8 8 8 6 2 7 1
5
2 3 1 3 3
7
2 5 5 5 6 2 2
7
6 7 6 6 6 2 6
8
7 6 1 6 8 8 3 6
10
4 1 9 2 9 10 3 6 3 8
6
2 3 2 5 4 5
7
5 1 2 6 7 3 4
10
8 5 9 9 9 7 2 5 2 5
10
6 10 2 3 1 9 2 5 3 7
9
3 7 6 9 8 1 4 5 2
8
2 8 2 6 2 1 2 1
6
3 5 1 6 2 4
10
5 8 7 9 1 10 3 2 4 6
7
5 7 7 2 3 2 3
9
7 3 4 2 1 8 5 9 6
10
10 1 1 7 3 8 3 1 8 8
10
6 3 8 1 10 1 4 10 5 9
7
7 4 6 1 6 3 2
10
4 8 9 9 1 3 8 5 3 3
9
2 1 7 8 9 5 3 4 6
6
3 5 6 2 1 4
9
6 9 4 3 1 2 8 7 5
4
2 3 4 3
10
5 5 8 8 6 1 5 1 4 3
10
2 9 9 5 4 2 10 5 4 6
7
7 6 4 3 2 4 1
9
9 5 8 2 3 9 4 7 7
10
3 3 2 7 1 9 8 10 4 5
10
4 10 5 5 1 9 2 4 6 8
5
2 5 4 1 3
7
3 7 4 5 7 1 6
10
4 9 8 8 1 3 2 10 6 1
8
2 7 8 7 1 1 2 3
8
2 7 4 5 4 1 8 6
5
5 5 4 3 1
10
8 7 6 2 9 3 9 10 2 4
9
9 7 5 1 8 3 4 6 2
6
5 3 5 6 1 1
8
5 4 6 7 8 2 3 4
10
3 10 2 7 9 3 4 1 4 8
6
6 5 4 5 3 4
10
4 5 5 10 2 2 6 2 6 5
10
4 3 6 8 8 5 8 5 7 3
8
7 6 2 6 3 2 8 1
8
8 4 5 2 1 3 3 4
9
6 3 2 1 4 7 5 9 2
5
5 4 1 3 3
5
3 4 4 3 3
