100
2 001
6 3904746
1 09
0 1
6 3000001
3 2021
0 7
6 0004611
2 769
6 1110211
2 003
6 1121121
6 0002001
6 4007201
3 8834
0 1
6 9999999
6 2020012
6 5278445
6 0007001
0 3
6 2013008
0 1
0 1
6 2122001
6 2102222
4 00001
6 0600028
6 9066001
0 1
5 110011
6 0000031
6 5000101
0 8
6 0000005
2 201
1 01
6 0000006
6 1110102
6 0022001
0 1
6 2112222
6 6788603
1 24
6 8000001
1 11
1 51
6 1111111
6 8003001
6 0030001
5 122002
6 6408642
4 00011
6 0000005
6 1617591
4 30801
2 001
6 5349602
6 2111221
6 0082001
6 9607187
2 071
6 0090504
6 0469679
6 0000001
6 6000001
4 11111
6 0000106
6 0900001
6 4006001
3 1121
6 2325486
6 2200111
3 0032
0 1
6 0000071
6 6000011
0 1
6 7917747
6 1950001
3 7653
4 00007
3 4752
6 5000031
6 2117025
0 5
4 00001
5 064351
4 09091
4 60031
3 0001
2 201
6 1121101
6 8000001
6 0000001
6 0207001
0 1
6 0122011
6 0222211
6 4000706
