99
2525 1
2400 5
300 2
120 60
60 90
217798240 1
146305889 2493
578646110 1
327436111 4593
1000000000 2
200 10000
100 10000
1000000000 2
1 3
2 2
881458398 1
73810895 3157
633405391 1
496207442 6899
883217560 1
224024440 6891
350158605 1
271437889 1261
481808395 1
444999355 705
2 1
1 1
210795822 1
153235796 9787
764300047 1
7918341 3650
438404410 1
161644530 245
225048616 2
205554115 5442
119329397 7763
558665977 1
168331113 473
554270087 1
428631798 1304
103938028 1
86935470 7256
368142083 1
62100946 7506
774554103 1
2057397 8188
583591774 1
77758148 1626
1000000000 2
999999998 2
999999997 3
140465638 1
31605168 4609
1000000000 2
999000000 10000
998000000 10000
8375319 1
6578994 9729
887712751 1
35481916 2027
150597703 1
120145099 784
328103945 1
218796640 4802
271876415 1
26636391 523
1000000000 1
1 1
351414589 1
23600972 3860
826255493 1
753199378 8367
901004493 1
786546073 8897
930321148 1
85163498 5829
336785670 1
260273545 2258
1000000000 2
12345675 3
12345676 2
914416975 1
520419911 4951
785552906 1
187912472 8725
1000000000 2
999999997 2
999999996 3
909064024 1
311653078 8551
582070780 1
158556123 2280
827863677 1
251181503 8764
281011441 1
31470674 1773
137901999 1
77530065 9919
701904230 1
571989024 6151
969772496 1
378138363 7578
919779276 1
743616381 8628
799111592 1
259277564 3583
207193013 1
162840052 5336
579399351 1
378718338 6282
194575361 1
7334937 8549
386345255 1
73238698 8641
444899403 1
362050643 8868
545641344 1
80005227 9973
223154579 1
163780193 1766
773579333 1
635384022 1759
210098839 1
67336376 8487
148301041 1
130688490 5159
50176833 1
33679018 9287
196447240 1
63873687 6860
603801760 1
90787527 1865
607270292 1
116729301 4219
903992442 1
124461139 2924
776043559 1
141783089 8812
787677742 1
111691601 9810
896132473 1
775805818 3862
1000000000 1
999999999 10000
566422823 1
437348831 3048
1000000000 1
999999999 1
42258299 1
19445470 1580
465548193 1
350203484 4103
369399516 1
102065855 7900
982874977 1
201421822 4255
2 1
1 10000
1000000000 2
999000000 1
998000000 1
725109723 1
657831348 6991
171324792 1
36804169 3291
343261516 1
256718599 8823
664927195 1
426817489 163
784156838 1
632837726 2001
685205785 1
678253740 8193
188129370 1
14024495 2249
145485345 1
109326555 6822
999699829 1
321325543 194
669956611 1
173732674 1408
1000000000 2
999999999 2
999999998 3
808249863 1
696710811 3632
916809197 1
699131269 1251
879968862 1
87260137 5208
758390455 1
207898600 6962
180806630 1
34681201 8846
930370495 2
856463599 6698
531958788 3099
280205321 1
204256775 6099
856985737 1
38795534 5021
200000 2
5000 5
5001 1
548732047 1
134998525 4337
1000000000 1
1 10000
944329142 1
527227192 2960
