99
2525 1
2400 5
300 2
120 60
60 90
301159753 1
275047306 9308
2 1
1 1
44690595 1
17841400 3844
305741966 1
227532993 3692
200000 2
5001 1
5000 5
872649208 1
806212833 263
845588642 1
615396642 1692
1000000000 1
999999999 10000
520841513 1
221804330 5259
1000000000 2
998000000 1
999000000 1
881813268 1
318685506 8746
907099730 1
391904871 6767
51683588 1
18740313 1011
171989552 1
82991405 5057
171335171 1
86406159 5606
979914159 1
64646026 5556
1000000000 1
1 1
185344871 1
160845459 170
211678157 1
87608787 1195
723983862 1
683218320 3083
1000000000 2
999999996 3
999999997 2
736467107 1
334029406 5668
1000000000 2
12345676 2
12345675 3
853094599 1
110527976 9022
755835335 1
282871880 3137
125795036 1
33307472 2078
587500890 1
461810386 4457
458408496 1
314984570 9139
482404711 1
406132744 1317
92173804 1
51816420 8755
295994653 1
182942063 2719
239981508 1
130157317 4510
803598208 1
249840323 6013
952515757 1
58166592 3842
710229749 1
302331845 8148
642592925 1
231409134 5323
1000000000 2
998000000 10000
999000000 10000
89698261 1
41645650 5132
1000000000 1
999999999 1
828744016 1
280966360 4244
1000000000 2
999999998 2
999999997 3
524611282 1
205578098 7069
817878289 1
118062495 2492
1000000000 2
999999998 3
999999999 2
977713646 1
734741303 8997
443960198 1
19585271 8406
451051938 1
58639149 9538
472923373 1
317012666 4579
648461394 1
476221832 8898
588487643 1
192478909 9882
497932605 1
70702435 49
68932673 1
60738123 855
815271475 1
131933810 9254
758506845 1
598172658 4158
874182954 1
846159247 9573
194515881 1
48196433 631
235984009 2
222268123 6303
47932335 1473
417661395 1
275992377 3367
940716676 1
878274378 7582
318473927 1
187889446 8111
27165936 1
1136488 5442
230026135 1
65847226 751
650239525 1
239147512 171
930249655 1
247707041 9314
2 1
1 10000
831712932 2
164614729 7156
6922656 5270
950532166 1
504094208 6033
984326005 1
472376076 1215
990131874 1
632746589 2880
470544374 1
92485827 6811
810979092 1
663883315 4334
138247023 1
9401336 5764
478992457 1
209271673 7113
1000000000 1
1 10000
448688340 1
408297630 8106
1000000000 2
2 2
1 3
374079934 1
152061693 8722
766187597 1
454763642 8997
515966103 1
10687476 8888
228942174 1
177798914 5568
697210870 1
549361617 7774
608627352 1
333912225 3446
691230077 1
100356346 2567
1000000000 2
200 10000
100 10000
438590909 1
18485302 6782
474103679 1
8146714 3995
947148423 1
258809372 3978
326589698 1
190450983 8417
434018642 1
49717050 585
677988796 1
582923098 7594
688666856 1
318246924 7615
247263705 1
84000777 6285
735540603 1
385363359 3416
407440936 1
392953851 4015
698753292 1
271291079 5556
634796249 1
494561402 2099
894182493 1
443107109 7674
