99
6 2 0 2 0 2 0
3 1 0 2 0 0 0
745 255 0 362 0 128 0
857 280 0 208 0 369 0
628 117 0 304 0 207 0
882 308 0 403 0 171 0
57 49 0 4 0 4 0
5 1 0 3 0 1 0
637 209 0 223 0 205 0
8 3 0 4 0 1 0
516 234 0 90 0 192 0
623 5 0 307 0 311 0
44 14 0 11 0 19 0
376 144 0 83 0 149 0
4 0 0 2 0 2 0
6 3 0 3 0 0 0
962 164 0 419 0 379 0
499 185 0 103 0 211 0
5 3 0 0 0 2 0
30 3 0 14 0 13 0
6 3 0 2 0 1 0
178 81 0 74 0 23 0
114 49 0 32 0 33 0
215 91 0 35 0 89 0
779 389 0 117 0 273 0
240 70 0 95 0 75 0
687 59 0 318 0 310 0
315 145 0 28 0 142 0
221 43 0 86 0 92 0
578 124 0 240 0 214 0
973 857 0 48 0 68 0
4 2 0 1 0 1 0
238 119 0 51 0 68 0
1000 1 0 500 0 499 0
1000 333 0 333 0 334 0
219 96 0 55 0 68 0
957 388 0 197 0 372 0
474 135 0 164 0 175 0
231 109 0 106 0 16 0
296 75 0 140 0 81 0
742 254 0 137 0 351 0
999 250 0 500 0 249 0
1000 0 0 500 0 500 0
380 190 0 161 0 29 0
1000 250 0 250 0 500 0
231 104 0 61 0 66 0
313 58 0 138 0 117 0
861 235 0 248 0 378 0
97 48 0 35 0 14 0
5 2 0 1 0 2 0
65 32 0 20 0 13 0
158 54 0 51 0 53 0
656 293 0 113 0 250 0
338 167 0 21 0 150 0
866 317 0 269 0 280 0
999 499 0 1 0 499 0
970 362 0 188 0 420 0
671 287 0 331 0 53 0
601 235 0 171 0 195 0
725 273 0 173 0 279 0
407 161 0 74 0 172 0
582 228 0 128 0 226 0
64 21 0 29 0 14 0
4 1 0 1 0 2 0
754 363 0 266 0 125 0
21 0 0 1 0 20 0
3 1 0 1 0 1 0
743 3 0 151 0 589 0
919 110 0 759 0 50 0
4 2 0 0 0 2 0
341 22 0 162 0 157 0
736 104 0 307 0 325 0
56 26 0 2 0 28 0
44 9 0 32 0 3 0
3 2 0 1 0 0 0
449 66 0 191 0 192 0
999 499 0 0 0 500 0
54 24 0 7 0 23 0
316 46 0 123 0 147 0
697 336 0 336 0 25 0
846 207 0 370 0 269 0
910 212 0 421 0 277 0
7 2 0 3 0 2 0
1000 0 0 499 0 501 0
505 210 0 95 0 200 0
514 171 0 121 0 222 0
943 82 0 314 0 547 0
455 68 0 216 0 171 0
407 201 0 35 0 171 0
171 56 0 61 0 54 0
999 499 0 250 0 250 0
4 3 0 1 0 0 0
360 16 0 292 0 52 0
999 333 0 333 0 333 0
527 216 0 187 0 124 0
3 0 0 0 0 3 0
897 268 0 96 0 533 0
153 16 0 10 0 127 0
4 1 0 2 0 1 0
