99
6 2 0 2 0 2 0
3 1 0 2 0 0 0
366 31 0 78 0 257 0
146 52 0 75 0 19 0
722 231 0 252 0 239 0
4 2 0 1 0 1 0
267 53 0 116 0 98 0
412 180 0 170 0 62 0
639 316 0 184 0 139 0
999 500 0 499 0 0 0
951 251 0 370 0 330 0
582 265 0 220 0 97 0
4 1 0 1 0 2 0
660 154 0 303 0 203 0
180 62 0 38 0 80 0
548 123 0 188 0 237 0
1000 501 0 499 0 0 0
998 288 0 246 0 464 0
819 356 0 145 0 318 0
4 0 0 2 0 2 0
596 302 0 178 0 116 0
786 275 0 124 0 387 0
5 1 0 1 0 3 0
802 310 0 217 0 275 0
4 1 0 2 0 1 0
862 12 0 5 0 845 0
209 124 0 49 0 36 0
270 103 0 105 0 62 0
7 2 0 3 0 2 0
999 500 0 249 0 250 0
449 200 0 84 0 165 0
4 1 0 3 0 0 0
262 111 0 44 0 107 0
743 45 0 364 0 334 0
310 113 0 49 0 148 0
492 149 0 224 0 119 0
473 226 0 214 0 33 0
3 0 0 0 0 3 0
1000 333 0 334 0 333 0
323 141 0 77 0 105 0
971 447 0 391 0 133 0
999 333 0 333 0 333 0
814 96 0 131 0 587 0
50 16 0 13 0 21 0
3 1 0 0 0 2 0
1000 250 0 500 0 250 0
5 2 0 3 0 0 0
3 1 0 1 0 1 0
894 444 0 313 0 137 0
356 60 0 128 0 168 0
694 216 0 319 0 159 0
6 3 0 1 0 2 0
662 181 0 245 0 236 0
4 2 0 2 0 0 0
242 15 0 121 0 106 0
882 433 0 311 0 138 0
285 90 0 109 0 86 0
74 36 0 25 0 13 0
30 0 0 15 0 15 0
18 6 0 5 0 7 0
6 3 0 3 0 0 0
270 112 0 92 0 66 0
821 291 0 264 0 266 0
660 229 0 168 0 263 0
655 98 0 323 0 234 0
141 0 0 17 0 124 0
1000 0 0 500 0 500 0
187 58 0 72 0 57 0
688 237 0 158 0 293 0
1000 1 0 500 0 499 0
932 454 0 233 0 245 0
683 22 0 658 0 3 0
999 499 0 499 0 1 0
18 0 0 14 0 4 0
783 219 0 190 0 374 0
593 78 0 262 0 253 0
5 2 0 1 0 2 0
640 210 0 308 0 122 0
790 243 0 247 0 300 0
515 150 0 156 0 209 0
783 726 0 32 0 25 0
357 172 0 178 0 7 0
489 229 0 124 0 136 0
999 250 0 250 0 499 0
160 29 0 51 0 80 0
511 194 0 99 0 218 0
982 464 0 80 0 438 0
873 87 0 419 0 367 0
143 57 0 25 0 61 0
182 61 0 36 0 85 0
31 9 0 9 0 13 0
899 133 0 399 0 367 0
705 107 0 311 0 287 0
398 150 0 61 0 187 0
473 228 0 92 0 153 0
336 144 0 120 0 72 0
262 119 0 109 0 34 0
972 293 0 211 0 468 0
474 193 0 188 0 93 0
