100
4 2
5 2
6 2
1000 1000
1000 1
500000 237856
641699 628483
737815 569017
500000 127
2 1
901868 849771
500000 131072
564021 486434
1000000 1
273728 247481
5 1
500000 237857
443486 345227
1000000 500000
1000000 524287
500000 244922
1000000 999999
657665 573599
999999 475711
1000000 127
999999 128
595865 584295
999999 267415
500000 1
931440 829646
1000000 262143
1000000 1000000
628154 565296
986920 930679
999999 499998
792469 617262
1000000 499999
597108 460768
987197 854917
808069 668809
500000 249998
650549 607311
999999 127
1000000 475712
400876 314901
1 1
999999 475712
999999 2
3 2
700421 684053
3 1
790029 789896
576007 554482
1000000 475713
999999 499999
2 2
590791 506371
496177 429894
271543 226747
551174 541854
311739 305937
1000000 499998
999999 262144
413678 361847
1000000 262144
999999 1
999999 999998
471115 450244
500000 249999
500000 250000
999999 488166
1000000 393023
500000 2
329228 265424
685205 530950
1000000 2
500000 131071
500000 205582
739737 638309
999999 524288
999999 524287
1000000 524288
734105 705180
999999 499997
1000000 499283
999999 262143
447536 424839
500000 499999
4 1
824513 751527
1000000 128
500000 262143
749891 569721
999999 999999
500000 500000
413126 406781
500000 262144
500000 128
872166 805084
733776 642051
