100
4 2
5 2
6 2
1000 1000
1000 1
864 654
999 512
1000 256
1000 500
999 256
879 841
500 1
999 511
500 128
500 2
1000 511
313 251
824 671
999 499
999 487
941 857
698 682
623 508
3 2
999 494
596 536
4 1
622 567
996 828
927 922
5 1
665 536
767 679
999 998
951 812
500 117
500 499
935 751
500 248
500 209
1000 489
587 545
1000 2
500 244
324 278
710 635
2 2
1000 128
826 660
2 1
500 250
334 256
500 255
798 690
946 832
500 98
999 488
986 820
1000 488
417 364
999 262
999 128
482 416
500 249
999 498
1000 498
1000 255
732 728
1000 499
3 1
999 2
314 258
615 575
999 1
336 325
615 578
1 1
1000 127
504 408
670 507
885 823
500 245
1000 999
500 256
356 276
999 999
999 497
597 546
500 500
500 116
845 770
938 797
570 503
500 127
279 240
1000 512
585 550
999 127
1000 399
999 255
